[?25l[0m [38;2;0;0;0m                [0m [38;2;154;104;107m▁[38;2;228;144;147m▁[38;2;235;139;149m▁[38;2;193;119;127m▂[38;2;125;71;77m▃[38;2;215;120;117m▄[38;2;231;151;156m▅[38;2;247;169;171m▄[38;2;245;160;164m▃[38;2;230;141;150m▂[38;2;161;108;112m▁[38;2;125;79;82m▁[38;2;224;130;133m▁[38;2;188;115;119m▁[0m [38;2;28;31;33m                 [0m
 [38;2;0;0;0m             [0m [38;2;175;41;69m▃[38;2;208;47;75m▆[38;2;236;89;108m▇[38;2;250;113;125;48;2;238;146;153m▄[38;2;252;136;143;48;2;241;145;153m▄[38;2;232;131;137;48;2;243;135;143m▝[38;2;225;134;144;48;2;240;135;146m╸[38;2;232;133;134;48;2;201;119;125m▇[38;2;188;97;93;48;2;223;124;121m▚[38;2;227;123;115;48;2;250;154;145m▏[38;2;249;156;148;48;2;253;165;171m▇[38;2;242;116;129;48;2;249;147;155m╺[38;2;234;106;122;48;2;245;133;144m━[38;2;246;136;145;48;2;226;110;121m▅[38;2;251;143;148;48;2;231;120;129m▆[38;2;251;117;126;48;2;248;142;146m▁[38;2;250;92;105;48;2;246;120;126m▂[38;2;231;82;93;48;2;130;79;84m▇[0m[38;2;191;65;79m▆[38;2;142;57;72m▃[0m [38;2;28;31;33m              [0m
 [38;2;0;0;0m            [38;2;115;48;62m▗[7m[38;2;191;34;64m▘[0m[38;2;213;44;73;48;2;230;59;85m▚[38;2;233;70;94;48;2;244;105;119m▍[38;2;250;136;144;48;2;241;88;101m▇[38;2;252;143;152;48;2;250;116;124m▅[38;2;253;142;151;48;2;252;123;133m▄[38;2;249;114;129;48;2;253;131;141m▁[38;2;252;120;138;48;2;254;136;148m▁[38;2;254;125;141;48;2;253;143;151m▁[38;2;253;157;167;48;2;252;145;152m▗[38;2;254;164;172;48;2;252;147;156m▄[38;2;253;161;168;48;2;253;148;159m▅[38;2;253;139;147;48;2;253;149;156m▂[38;2;253;137;146;48;2;253;151;158m▂[38;2;251;120;133;48;2;253;147;156m▄[38;2;253;98;114;48;2;250;127;137m▃[38;2;245;65;94;48;2;248;89;110m▃[38;2;215;28;64;48;2;236;54;79m▗[38;2;227;45;72;48;2;210;35;66m▘[38;2;193;35;60;48;2;180;33;56m▎[38;2;170;59;75;48;2;155;32;52m╶[0m[7m[38;2;117;39;54m▝[0m [38;2;28;31;33m             [0m
 [38;2;0;0;0m           [0m [7m[38;2;178;61;80m▘[0m[38;2;170;8;47;48;2;197;54;79m▗[38;2;172;5;51;48;2;198;18;60m▄[38;2;218;45;82;48;2;189;15;63m▝[38;2;213;42;81;48;2;235;84;106m▆[38;2;235;50;87;48;2;249;110;127m▆[38;2;238;70;104;48;2;251;105;123m▆[38;2;223;64;102;48;2;243;75;101m▅[38;2;225;61;101;48;2;250;96;117m▅[38;2;233;77;109;48;2;253;103;126m▅[38;2;247;100;126;48;2;253;132;148m▅[38;2;245;109;131;48;2;250;143;155m▅[38;2;243;85;112;48;2;253;132;145m▄[38;2;248;69;100;48;2;251;111;127m▄[38;2;246;74;103;48;2;252;110;127m▃[38;2;239;63;92;48;2;251;101;121m▅[38;2;235;46;76;48;2;249;68;93m▃[38;2;249;54;86;48;2;237;38;72m▘[38;2;235;44;80;48;2;223;32;68m▚[38;2;207;33;67;48;2;183;13;50m▖[38;2;181;53;76;48;2;179;28;57m▗[38;2;157;75;88;48;2;147;51;66m▂[38;2;132;51;66;48;2;108;40;54m▎[0m[38;2;77;34;44m▌             [0m
 [38;2;0;0;0m           [7m[38;2;165;69;87m▊[0m[38;2;179;60;79;48;2;163;25;59m▎[38;2;191;88;110;48;2;167;34;65m▗[38;2;183;59;87;48;2;176;21;63m▖[38;2;189;30;82;48;2;177;17;69m┊[38;2;189;25;75;48;2;216;40;86m▋[38;2;203;35;88;48;2;217;39;83m▃[38;2;201;49;103;48;2;228;75;112m▆[38;2;194;60;117;48;2;204;82;136m▍[38;2;198;91;149;48;2;206;61;114m▆[38;2;192;135;189;48;2;210;103;156m▗[38;2;212;197;241;48;2;227;123;167m▅[38;2;200;157;207;48;2;217;124;166m▆[38;2;196;100;160;48;2;210;79;126m▖[38;2;207;59;108;48;2;230;62;99m▃[38;2;221;47;89;48;2;238;57;93m▆[38;2;214;37;74;48;2;236;56;91m▆[38;2;238;49;82;48;2;220;33;68m▘[38;2;214;26;61;48;2;230;32;67m▇[38;2;231;39;75;48;2;202;18;55m▘[38;2;189;26;61;48;2;176;58;83m▉[38;2;205;136;149;48;2;177;73;93m▅[38;2;185;113;129;48;2;130;62;78m▘[38;2;103;46;60;48;2;86;32;50m▘[38;2;86;35;49;48;2;57;31;38m▉[0m [38;2;28;31;33m            [0m
 [38;2;0;0;0m           [7m[38;2;164;35;62m▋[0m[38;2;191;39;68;48;2;174;10;49m▌[38;2;171;16;58;48;2;167;21;58m╴[38;2;166;11;58;48;2;172;30;70m▆[38;2;179;22;69;48;2;168;5;58m╴[38;2;179;9;65;48;2;195;22;73m▎[38;2;199;29;71;48;2;198;34;79m╴[38;2;196;43;89;48;2;190;45;97m╴[38;2;191;86;144;48;2;179;59;115m▝[38;2;181;63;116;48;2;189;86;145m▇[38;2;198;110;170;48;2;179;61;114m▝[38;2;190;69;119;48;2;203;146;196m▅[38;2;202;117;164;48;2;194;71;121m▘[38;2;183;53;100;48;2;194;82;137m▅[38;2;178;44;89;48;2;197;57;105m▃[38;2;174;33;76;48;2;201;44;87m▃[38;2;164;23;62;48;2;194;35;73m▂[38;2;169;11;50;48;2;206;33;67m▄[38;2;161;3;42;48;2;170;13;47m┈[38;2;127;3;31;48;2;176;6;43m▄[38;2;114;2;27;48;2;157;10;44m▄[38;2;96;9;32;48;2;145;52;72m▆[38;2;72;7;26;48;2;98;24;43m▅[38;2;76;25;48;48;2;72;18;36m▝[38;2;65;14;29;48;2;54;11;17m▉[0m [38;2;33;22;24m            [0m
 [38;2;0;0;0m           [0m [38;2;100;62;72;48;2;178;54;78m▖[38;2;187;80;98;48;2;182;47;73m▗[38;2;178;77;96;48;2;168;41;72m▖[38;2;178;109;128;48;2;154;16;56m▗[38;2;187;154;165;48;2;133;21;54m▖[38;2;22;15;12;48;2;184;36;76m▄[38;2;30;19;22;48;2;168;32;75m▃[38;2;177;122;139;48;2;158;27;77m▂[38;2;160;29;74;48;2;162;39;84m┈[38;2;174;47;94;48;2;168;42;85m╵[38;2;168;34;83;48;2;157;29;75m▝[38;2;193;63;102;48;2;173;38;82m─[38;2;175;40;80;48;2;166;33;73m┣[38;2;135;14;50;48;2;162;29;69m▄[38;2;125;16;48;48;2;159;23;66m▆[38;2;107;13;41;48;2;135;12;50m▅[38;2;146;95;107;48;2;128;11;41m▃[38;2;122;96;101;48;2;83;21;34m▁[38;2;18;15;12;48;2;88;5;23m▅[38;2;10;6;3;48;2;85;35;50m╸[38;2;105;49;68;48;2;93;15;36m▖[38;2;105;28;54;48;2;86;12;33m╴[38;2;75;10;27;48;2;81;15;32m┊[38;2;107;68;63;48;2;73;10;22m▂[0m [38;2;28;31;33m            [0m
 [38;2;0;0;0m            [38;2;128;57;70m▝[38;2;187;80;94;48;2;196;83;98m╴[38;2;189;91;109;48;2;193;102;120m▝[38;2;181;96;117;48;2;154;50;78m▖[38;2;145;27;63;48;2;191;140;159m▇[38;2;162;39;73;48;2;55;49;50m▇[38;2;139;32;67;48;2;169;58;91m▚[38;2;153;26;68;48;2;187;133;146m▆[38;2;163;45;83;48;2;163;63;97m▇[38;2;184;61;95;48;2;163;39;78m╵[38;2;161;39;80;48;2;166;38;80m▃[38;2;162;42;82;48;2;165;35;80m▆[38;2;161;42;78;48;2;157;38;75m╴[38;2;129;18;50;48;2;113;8;38m▏[38;2;103;11;37;48;2;117;23;45m▇[38;2;114;11;38;48;2;102;8;34m▂[38;2;116;11;40;48;2;109;8;35m┚[38;2;85;3;22;48;2;92;6;28m┊[38;2;89;19;38;48;2;88;8;30m╵[38;2;90;4;28;48;2;98;32;49m▅[38;2;84;5;26;48;2;98;22;42m▇[38;2;103;33;50;48;2;77;14;31m▗[38;2;89;33;41;48;2;106;87;80m▊[0m[38;2;143;132;117m▊             [0m
 [38;2;0;0;0m             [7m[38;2;192;120;116m▎[0m[38;2;208;103;111;48;2;198;112;125m▍[38;2;188;112;128;48;2;173;97;118m▌[38;2;164;83;109;48;2;156;59;81m▇[38;2;162;73;101;48;2;154;44;71m▖[38;2;177;61;90;48;2;165;41;72m╸[38;2;158;37;70;48;2;162;42;74m┊[38;2;158;39;74;48;2;161;39;76m┈[38;2;158;38;72;48;2;162;41;75m┊[38;2;159;38;74;48;2;156;38;77m▖[38;2;160;48;86;48;2;152;38;75m╴[38;2;155;45;78;48;2;150;40;73m╷[38;2;141;35;66;48;2;117;11;42m▎[38;2;137;24;52;48;2;119;12;41m╺[38;2;136;18;47;48;2;136;24;51m┈[38;2;135;19;50;48;2;124;9;41m▍[38;2;111;3;35;48;2;102;1;27m▊[38;2;106;3;28;48;2;102;4;28m┈[38;2;101;4;24;48;2;83;2;19m▃[38;2;85;8;24;48;2;73;23;36m▌[38;2;57;35;41;48;2;87;35;52m▗[38;2;55;46;36;48;2;101;96;83m▋[38;2;141;135;119;48;2;100;97;89m▉[0m [38;2;28;31;33m            [0m
 [38;2;0;0;0m             [7m[38;2;207;184;168m▎[0m[38;2;229;194;177;48;2;208;136;133m▃[38;2;194;112;124;48;2;170;101;123m▋[38;2;142;72;103;48;2;151;83;113m▗[38;2;127;53;86;48;2;151;67;98m▂[38;2;147;54;85;48;2;166;60;89m▁[38;2;161;51;78;48;2;162;44;72m▆[38;2;150;41;70;48;2;161;44;74m▁[38;2;139;27;61;48;2;157;40;74m▁[38;2;127;13;44;48;2;156;38;73m▁[38;2;149;31;67;48;2;156;36;75m▄[38;2;151;41;73;48;2;151;33;68m▂[38;2;145;31;60;48;2;137;23;51m▎[38;2;103;9;29;48;2;139;23;51m▃[38;2;88;4;20;48;2;141;25;52m▃[38;2;78;1;11;48;2;118;7;38m▄[38;2;66;2;6;48;2;104;4;28m▄[38;2;69;3;7;48;2;95;7;23m━[38;2;95;25;42;48;2;84;11;24m▄[38;2;70;33;48;48;2;81;42;59m╴[38;2;112;80;91;48;2;44;39;38m▍[38;2;121;100;83;48;2;74;70;55m▁[38;2;182;161;143;48;2;144;135;119m▂[0m[38;2;122;116;100m▏            [0m
 [38;2;0;0;0m             [7m[38;2;181;165;152m▌[0m[38;2;234;209;189;48;2;235;220;202m▃[38;2;158;92;101;48;2;225;198;180m▝[38;2;158;143;137;48;2;116;59;82m▁[38;2;79;28;55;48;2;124;52;87m▄[38;2;102;32;59;48;2;141;55;89m▂[38;2;150;50;84;48;2;123;15;49m▇[38;2;147;38;74;48;2;122;7;44m▇[38;2;137;30;67;48;2;144;38;73m▃[38;2;131;27;62;48;2;157;48;82m▃[38;2;114;21;47;48;2;162;57;86m▃[38;2;146;45;75;48;2;116;23;49m▘[38;2;95;11;32;48;2;134;43;64m▅[38;2;85;5;25;48;2;112;22;44m▆[38;2;72;3;17;48;2;87;4;23m━[38;2;84;3;20;48;2;68;2;9m▅[38;2;56;1;10;48;2;77;2;13m▗[38;2;32;4;9;48;2;83;7;23m▄[38;2;167;144;135;48;2;55;15;27m▂[38;2;219;184;166;48;2;89;63;70m▄[38;2;213;182;164;48;2;69;65;59m▆[38;2;131;108;94;48;2;203;171;155m▂[0m[7m[38;2;150;129;112m▃[0m [38;2;28;31;33m            [0m
 [38;2;0;0;0m             [0m [7m[38;2;182;159;147m▄[0m[38;2;229;222;218;48;2;233;202;184m▄[38;2;190;184;188;48;2;227;220;218m▗[38;2;157;156;159;48;2;116;114;117m▋[38;2;222;224;224;48;2;45;20;30m▂[38;2;216;221;217;48;2;73;20;37m▂[38;2;202;199;205;48;2;99;20;41m▁[38;2;45;11;17;48;2;134;13;50m▄[38;2;27;3;5;48;2;125;17;49m▄[38;2;35;2;4;48;2;112;11;39m▃[38;2;57;1;7;48;2;111;9;39m▃[38;2;50;1;4;48;2;105;7;32m▂[38;2;122;93;96;48;2;105;11;31m▁[38;2;213;216;213;48;2;95;15;28m▂[38;2;153;139;131;48;2;69;14;20m▁[38;2;212;180;164;48;2;56;23;25m▄[38;2;223;190;171;48;2;111;98;91m▆[38;2;163;136;119;48;2;226;191;172m▃[38;2;77;68;57;48;2;172;144;128m▗[0m[7m[38;2;126;105;91m▄[38;2;71;63;57m▇[0m[38;2;30;32;34m              [0m
 [38;2;0;0;0m              [7m[38;2;124;123;123m▋[0m[38;2;51;55;59;48;2;182;180;181m▃[38;2;51;53;56;48;2;151;146;151m▖[38;2;237;223;226;48;2;219;215;215m┈[38;2;229;219;222;48;2;232;233;233m▂[38;2;226;214;218;48;2;233;234;233m▁[38;2;229;221;224;48;2;231;229;229m╷[38;2;231;226;228;48;2;189;190;193m▇[38;2;228;223;224;48;2;32;30;31m▇[38;2;227;221;223;48;2;70;62;68m▆[38;2;227;222;224;48;2;14;2;2m▆[38;2;231;225;225;48;2;49;32;33m▅[38;2;76;71;71;48;2;215;208;207m▘[38;2;208;201;203;48;2;231;228;228m▂[38;2;169;159;146;48;2;211;202;198m┗[38;2;111;101;84;48;2;213;179;162m▄[38;2;68;59;45;48;2;133;114;96m▗[0m[7m[38;2;85;73;58m▄[0m [38;2;28;31;33m                [0m
 [38;2;0;0;0m               [0m [38;2;144;143;145m▝[38;2;88;87;88;48;2;167;163;166m▁[38;2;131;130;133;48;2;207;203;204m▃[38;2;81;84;87;48;2;220;216;218m▃[38;2;109;110;113;48;2;218;215;216m▄[38;2;58;65;65;48;2;190;189;189m━[38;2;170;168;169;48;2;221;214;217m▏[38;2;219;209;213;48;2;233;226;228m▗[38;2;197;189;192;48;2;230;219;220m▃[38;2;186;181;182;48;2;224;212;214m▄[38;2;154;153;155;48;2;199;195;197m▄[38;2;92;95;99;48;2;155;153;156m▗[38;2;55;56;61;48;2;167;165;167m▄[38;2;167;154;148;48;2;115;107;97m▚[38;2;170;139;117;48;2;91;81;71m▊[0m [38;2;28;31;33m                 [0m
 [38;2;0;0;0m                [0m [7m[38;2;178;170;173m▁[0m[38;2;57;59;60;48;2;215;208;208m▁[38;2;36;33;39;48;2;208;203;205m▁[38;2;35;30;37;48;2;221;215;217m▂[38;2;64;61;65;48;2;221;216;218m▃[38;2;150;145;149;48;2;190;185;188m┌[38;2;131;131;133;48;2;185;181;183m▃[38;2;127;127;129;48;2;164;160;166m▄[38;2;110;109;113;48;2;143;140;144m▅[38;2;69;74;75;48;2;111;113;114m▁[0m[7m[38;2;88;84;83m▅[0m[38;2;28;22;13;48;2;68;48;26m▎[38;2;109;90;68;48;2;141;117;97m▌[38;2;161;130;112;48;2;168;141;119m▎[0m[38;2;135;111;93m▍                 [0m
 [38;2;0;0;0m                 [7m[38;2;116;114;115m▉[38;2;166;163;164m▂[0m[38;2;35;37;37;48;2;172;169;170m▁[38;2;38;36;43;48;2;180;175;176m▂[38;2;48;48;52;48;2;201;197;198m▄[38;2;76;75;81;48;2;178;170;176m▆[38;2;62;67;70;48;2;98;100;104m▁[38;2;116;116;121;48;2;86;88;93m▁[0m[7m[38;2;96;101;103m▂[0m[38;2;86;90;91m▏ [7m[38;2;58;39;22m▎[0m[38;2;93;74;51;48;2;124;104;84m▌[38;2;150;124;106;48;2;165;135;117m▌[0m[38;2;156;127;110m▊[0m [38;2;28;31;33m                [0m
 [38;2;0;0;0m                  [0m [38;2;186;152;133;48;2;91;85;80m▗[38;2;193;160;142;48;2;85;84;85m▃[38;2;68;70;68;48;2;147;134;126m━[38;2;114;102;88;48;2;65;61;55m▊[0m[7m[38;2;45;51;53m▇[38;2;91;91;95m▇[0m[38;2;31;34;36m   [38;2;105;96;83m▗[38;2;133;121;108;48;2;99;78;56m▃[38;2;169;152;144;48;2;147;122;105m▂[38;2;170;141;125;48;2;158;127;111m▉[0m[38;2;110;93;85m▎                [0m
 [38;2;0;0;0m                 [0m [38;2;143;87;63m▃[7m[38;2;194;132;106m▘[0m[38;2;165;100;72;48;2;205;176;160m▂[38;2;205;179;165;48;2;196;173;160m▊[38;2;169;150;136;48;2;140;125;113m▉[0m[38;2;56;37;31m▁    [7m[38;2;118;108;99m▋[0m[38;2;132;119;110;48;2;145;130;121m▋[38;2;173;154;145;48;2;157;142;134m▝[38;2;177;154;146;48;2;181;158;150m▁[0m[38;2;165;143;137m▌                [0m
 [38;2;0;0;0m               [0m [38;2;174;106;75m▄[38;2;159;97;66;48;2;87;65;53m▇[38;2;171;96;63;48;2;184;117;92m▅[38;2;140;67;40;48;2;182;111;87m▄[38;2;156;95;71;48;2;122;47;19m▘[38;2;94;28;17;48;2;187;150;139m▇[38;2;56;7;8;48;2;133;107;92m▆[0m[38;2;45;8;8m▉[0m [38;2;28;31;33m   [7m[38;2;119;65;39m▍[0m[38;2;213;124;87;48;2;132;112;101m▅[38;2;179;115;93;48;2;167;95;69m▉[38;2;170;110;91;48;2;143;77;52m━[38;2;128;87;71;48;2;67;57;46m▊[0m[38;2;60;23;23m▖               [0m
 [38;2;0;0;0m            [38;2;150;72;34m▗[38;2;219;117;69m▅[38;2;218;120;71m▆[38;2;198;89;34;48;2;143;84;60m▇[38;2;167;67;23;48;2;226;132;79m▆[38;2;123;43;15;48;2;203;90;37m▄[38;2;104;32;11;48;2;162;65;26m▃[38;2;133;50;14;48;2;104;31;9m▘[38;2;71;11;9;48;2;92;22;11m▄[38;2;59;7;8;48;2;73;9;13m▅[38;2;23;2;7;48;2;51;7;7m▂[38;2;51;4;10;48;2;18;8;9m▘[0m [38;2;28;30;32m  [0m [38;2;93;38;13;48;2;130;54;19m▎[38;2;163;71;30;48;2;204;98;50m▇[38;2;159;76;40;48;2;160;95;70m▇[38;2;133;51;19;48;2;169;103;92m▆[38;2;123;44;17;48;2;127;81;68m▆[38;2;102;34;17;48;2;63;22;16m▇[0m[38;2;89;21;12m▖              [0m
 [38;2;0;0;0m           [7m[38;2;71;35;19m▊[0m[38;2;79;27;11;48;2;150;63;26m▁[38;2;139;52;23;48;2;176;74;26m▄[38;2;136;51;20;48;2;158;65;25m▄[38;2;124;43;14;48;2;143;56;24m▅[38;2;125;41;14;48;2;108;32;12m▘[38;2;78;15;9;48;2;96;25;12m▂[38;2;63;9;10;48;2;87;17;10m▃[38;2;26;6;6;48;2;71;10;10m▂[38;2;12;11;11;48;2;49;7;8m▃[0m[7m[38;2;19;6;4m▃[38;2;5;4;6m▅[38;2;16;15;17m▆[0m[38;2;28;31;33m   [0m [38;2;45;20;15;48;2;120;47;20m▎[38;2;150;62;26;48;2;163;71;27m▌[38;2;204;105;47;48;2;176;80;27m▗[38;2;207;106;44;48;2;166;72;17m▆[38;2;179;80;29;48;2;144;55;17m▇[38;2;154;62;25;48;2;115;41;12m▇[38;2;122;45;16;48;2;96;27;12m▆[0m[7m[38;2;66;19;14m▝[0m [38;2;28;31;33m            [0m
 [38;2;0;0;0m           [0m [38;2;16;6;6m┻[7m[38;2;37;10;10m▂[38;2;40;12;10m▁[0m[38;2;18;15;14;48;2;62;13;14m▄[0m[7m[38;2;36;7;8m▂[38;2;25;6;6m▃[38;2;17;5;6m▅[38;2;14;12;14m▆[0m [38;2;28;31;33m       [7m[38;2;86;37;22m▌[0m[38;2;80;23;14;48;2;141;57;24m▂[38;2;113;41;17;48;2;168;73;34m▃[38;2;119;44;18;48;2;171;77;36m▃[38;2;118;44;16;48;2;156;67;27m▃[38;2;105;36;12;48;2;138;53;21m▃[38;2;68;13;9;48;2;106;37;12m▂[38;2;53;8;8;48;2;75;13;10m▂[0m[38;2;38;11;12m▍            [0m
 [38;2;0;0;0m                            [0m [7m[38;2;26;15;14m▅[38;2;26;8;8m▃[0m[38;2;17;4;4;48;2;31;18;19m┻[0m[7m[38;2;25;6;5m▂[38;2;18;6;5m▂[38;2;11;7;4m▂[38;2;11;7;8m▃[0m [38;2;17;18;19m            [0m
[?25h